-50.0 97.94545679608913
-49.8998998998999 97.64467171822749
-49.7997997997998 97.82766732670285
-49.6996996996997 97.8860982925484
-49.5995995995996 96.9724491662575
-49.4994994994995 97.34724878885547
-49.3993993993994 96.84777340761111
-49.2992992992993 96.79004474057733
-49.1991991991992 96.23200333805455
-49.0990990990991 95.70791767288449
-48.998998998999 96.14738681479359
-48.8988988988989 95.32352940529738
-48.7987987987988 96.0097075687949
-48.6986986986987 94.99334497458959
-48.5985985985986 95.13295999415163
-48.4984984984985 94.59363125105715
-48.3983983983984 94.32810514963239
-48.2982982982983 94.97686366095141
-48.1981981981982 94.23258330067031
-48.0980980980981 93.7377337311861
-47.997997997998 94.32046367192632
-47.8978978978979 94.22119238854467
-47.7977977977978 94.03069540551584
-47.6976976976977 93.11408515686333
-47.5975975975976 92.76229842423066
-47.4974974974975 92.77541682181388
-47.3973973973974 92.41053829269062
-47.2972972972973 92.13222250681815
-47.1971971971972 92.837828393817
-47.0970970970971 91.968147890673
-46.996996996997 92.00858707641078
-46.8968968968969 91.49550526360136
-46.7967967967968 91.18045841271413
-46.6966966966967 91.47974905079448
-46.5965965965966 91.38772289987389
-46.4964964964965 90.8946086101966
-46.3963963963964 90.71954427968538
-46.2962962962963 90.15875095285058
-46.1961961961962 90.46970704448428
-46.0960960960961 89.73867624570674
-45.995995995996 89.89011188857603
-45.8958958958959 90.1110483616019
-45.7957957957958 89.93255331428354
-45.6956956956957 89.33993483315938
-45.5955955955956 89.3178657549907
-45.4954954954955 89.4352009901191
-45.3953953953954 88.4746843742418
-45.2952952952953 89.07792361814437
-45.1951951951952 88.17873635066373
-45.0950950950951 88.60313626430539
-44.994994994995 88.07529722019564
-44.8948948948949 87.46109447125872
-44.7947947947948 88.05037903014295
-44.6946946946947 86.89277862351686
-44.5945945945946 87.63915198656503
-44.4944944944945 86.67638892904272
-44.394394394394396 87.22245254110928
-44.294294294294296 86.46760685405728
-44.194194194194196 86.70403716846941
-44.094094094094096 86.17150045250506
-43.993993993993996 86.1131683480069
-43.893893893893896 85.66786684725561
-43.793793793793796 85.21045344982245
-43.693693693693696 85.04988186593236
-43.593593593593596 85.6515160104749
-43.493493493493496 84.82914433769199
-43.393393393393396 84.68559755430638
-43.293293293293296 84.5751591854169
-43.193193193193196 84.22773476255878
-43.093093093093096 84.47622871747537
-42.992992992992995 83.577516380072
-42.892892892892895 83.8794649736055
-42.792792792792795 83.08901435991835
-42.692692692692695 83.0536748349851
-42.592592592592595 82.89034096114176
-42.492492492492495 83.04930547445666
-42.392392392392395 82.86307340236016
-42.292292292292295 82.4491975576859
-42.192192192192195 82.71779859494157
-42.092092092092095 82.12292781782665
-41.991991991991995 82.22917639157721
-41.891891891891895 81.44200901033756
-41.791791791791795 81.7497406802184
-41.691691691691695 81.17475479505332
-41.591591591591595 81.62431586169254
-41.491491491491495 80.86543606715908
-41.391391391391394 80.33521322910347
-41.291291291291294 80.58530638976902
-41.191191191191194 80.27169910407282
-41.091091091091094 79.71163172184572
-40.990990990990994 80.22563507172954
-40.890890890890894 79.79912895591626
-40.790790790790794 79.74934362086356
-40.690690690690694 79.62592045404043
-40.590590590590594 78.69293920179773
-40.490490490490494 79.35860419052588
-40.390390390390394 78.77849924862088
-40.290290290290294 78.239294759235
-40.190190190190194 78.32007051002508
-40.090090090090094 77.76811174631518
-39.98998998998999 77.90477905657168
-39.88988988988989 77.56980591238903
-39.78978978978979 77.39502308785796
-39.68968968968969 77.79087127485919
-39.58958958958959 77.26929525598948
-39.48948948948949 77.28706917799238
-39.38938938938939 76.5046388842416
-39.28928928928929 76.10989037996401
-39.18918918918919 76.72276005559901
-39.08908908908909 75.97882984058555
-38.98898898898899 75.62067876034324
-38.88888888888889 75.89479744766551
-38.78878878878879 75.12242613803296
-38.68868868868869 75.68451327882394
-38.58858858858859 74.6982159423656
-38.48848848848849 74.70793938533704
-38.38838838838839 74.7699045915536
-38.28828828828829 74.8679086807333
-38.18818818818819 74.56519105739514
-38.08808808808809 74.35597579546418
-37.98798798798799 73.5973132708997
-37.88788788788789 73.68961258331068
-37.78778778778779 73.6720068300694
-37.68768768768769 73.74730305952951
-37.58758758758759 72.88987147909633
-37.48748748748749 72.90958511176814
-37.38738738738739 73.09132972966479
-37.28728728728729 72.55099299225674
-37.18718718718719 72.04497179030217
-37.08708708708709 72.00114811565852
-36.98698698698699 72.01080494096624
-36.88688688688689 71.4695325468951
-36.78678678678679 71.110923628121
-36.68668668668669 71.08998133434118
-36.58658658658659 70.84517985387389
-36.48648648648649 71.23550240560034
-36.38638638638639 70.62297709616568
-36.28628628628629 70.14514890183239
-36.18618618618619 70.00937052648128
-36.08608608608609 70.02143406935386
-35.98598598598599 69.55989985586045
-35.88588588588589 69.44391515783848
-35.78578578578579 69.34029494650262
-35.68568568568569 69.81243646459605
-35.58558558558559 69.08129369623276
-35.48548548548549 68.70808558456531
-35.38538538538539 69.13283498081937
-35.28528528528529 68.43278451116484
-35.18518518518519 68.07400184015766
-35.08508508508509 68.46683479896463
-34.98498498498499 67.76407926864249
-34.88488488488489 67.34051436778876
-34.78478478478479 67.43537169967512
-34.68468468468469 67.13946059614628
-34.58458458458459 66.9200373907877
-34.48448448448449 67.00817031136181
-34.38438438438439 66.45180208561015
-34.28428428428429 67.05122890108929
-34.18418418418419 66.51030511642257
-34.08408408408409 65.69320143621748
-33.98398398398399 65.59291789971755
-33.88388388388389 66.09645191413766
-33.78378378378379 65.45869951182276
-33.68368368368369 65.6681063211315
-33.58358358358359 65.5348793889691
-33.48348348348349 65.04516772103612
-33.38338338338339 64.69167187861979
-33.28328328328329 64.52827650998745
-33.18318318318319 64.25074719591018
-33.08308308308309 64.55326602819024
-32.98298298298299 63.81134523098889
-32.88288288288289 64.02459072089461
-32.78278278278279 63.5614880852834
-32.68268268268269 63.78063211917302
-32.58258258258259 63.13631263351026
-32.48248248248249 62.97816326892014
-32.38238238238239 62.62812106408492
-32.28228228228229 62.14785670352264
-32.18218218218219 62.02087101357409
-32.08208208208209 62.22625203596997
-31.98198198198199 61.48366700237658
-31.88188188188189 62.169286306933955
-31.78178178178179 61.622154939912114
-31.681681681681688 61.22118224073075
-31.581581581581588 60.85297895129283
-31.481481481481488 60.488665862137026
-31.381381381381388 60.57467338659927
-31.281281281281288 60.85824491927725
-31.181181181181188 60.1891949788414
-31.081081081081088 60.21335063745374
-30.980980980980988 60.35304166153223
-30.880880880880888 59.34387923572824
-30.780780780780788 59.06746890887747
-30.680680680680688 59.394042474433896
-30.580580580580587 59.45623993351541
-30.480480480480487 59.43205052389169
-30.380380380380387 58.819798388852504
-30.280280280280287 59.02923078832707
-30.180180180180187 57.93051856152369
-30.080080080080087 58.154586785223174
-29.979979979979987 57.56918407858806
-29.879879879879887 57.286996028167096
-29.779779779779787 57.1631098161517
-29.679679679679687 57.25033805194981
-29.579579579579587 57.62701771524628
-29.479479479479487 56.73155958491998
-29.379379379379387 56.32519436480527
-29.279279279279287 56.85837485162953
-29.179179179179187 56.55451065198393
-29.079079079079087 56.21794071327098
-28.978978978978986 56.32011017152911
-28.878878878878886 55.68204342937957
-28.778778778778786 56.05713886003745
-28.678678678678686 55.775307641881845
-28.578578578578586 55.60158012190742
-28.478478478478486 54.75354666473932
-28.378378378378386 54.28049414900194
-28.278278278278286 54.23808659892806
-28.178178178178186 54.76677469017532
-28.078078078078086 54.13282173020657
-27.977977977977986 54.0065957197317
-27.877877877877886 53.603619034033336
-27.777777777777786 53.40031353464306
-27.677677677677686 53.35983657055458
-27.577577577577586 52.71162991160966
-27.477477477477485 53.096133933958804
-27.377377377377385 53.24785058199437
-27.277277277277285 52.24602924775607
-27.177177177177185 52.43925025849607
-27.077077077077085 51.69902844994957
-26.976976976976985 52.43167498051019
-26.876876876876885 51.63846548638514
-26.776776776776785 51.96798412942506
-26.676676676676685 51.48092710767193
-26.576576576576585 51.085800079864725
-26.476476476476485 51.11939154592941
-26.376376376376385 50.80695604775286
-26.276276276276285 50.38571582334731
-26.176176176176185 50.484301276104105
-26.076076076076085 50.21421067723332
-25.975975975975985 50.14105179241425
-25.875875875875884 49.28272409678322
-25.775775775775784 49.464202932888256
-25.675675675675684 49.57251390196498
-25.575575575575584 48.96481206405241
-25.475475475475484 48.980454843441336
-25.375375375375384 48.703003342751714
-25.275275275275284 48.759645931461854
-25.175175175175184 48.29375758207413
-25.075075075075084 48.595738121805724
-24.974974974974984 48.20096595750756
-24.874874874874884 47.750390362103396
-24.774774774774784 47.52251245302015
-24.674674674674684 47.139911644852575
-24.574574574574584 47.13959420952631
-24.474474474474484 46.95170832177486
-24.374374374374383 46.71100619306923
-24.274274274274283 46.43460731616751
-24.174174174174183 46.14024598665531
-24.074074074074083 46.59806733727934
-23.973973973973983 45.82319883516645
-23.873873873873883 45.50194969825356
-23.773773773773783 45.83063347960251
-23.673673673673683 45.660747994586586
-23.573573573573583 44.71718811908123
-23.473473473473483 45.38744901970128
-23.373373373373383 44.54199244161521
-23.273273273273283 44.991618414745275
-23.173173173173183 43.99122116682845
-23.073073073073083 43.9685974631041
-22.972972972972983 43.90599461315342
-22.872872872872883 43.28221697264214
-22.772772772772782 43.62704737248866
-22.672672672672682 43.67815471582876
-22.572572572572582 43.098015814604366
-22.472472472472482 42.560586469211465
-22.372372372372382 42.740213769285305
-22.272272272272282 42.22833466720057
-22.172172172172182 42.48216114529885
-22.072072072072082 42.37115351082252
-21.971971971971982 41.646317149283654
-21.871871871871882 41.36058197821495
-21.771771771771782 41.45348823460244
-21.67167167167168 41.48704916081183
-21.57157157157158 40.882892397755
-21.47147147147148 41.365353990458495
-21.37137137137138 40.34415812525174
-21.27127127127128 40.98961801234976
-21.17117117117118 40.78852985668908
-21.07107107107108 40.617299632479856
-20.97097097097098 40.36278247149254
-20.87087087087088 39.81646443247116
-20.77077077077078 39.73397871744505
-20.67067067067068 39.653453801585066
-20.57057057057058 38.670025215546424
-20.47047047047048 39.42723687396123
-20.37037037037038 39.12440777565327
-20.27027027027028 38.38554232737924
-20.17017017017018 37.858555439280735
-20.07007007007008 38.06545174380601
-19.96996996996998 37.847658572455224
-19.86986986986988 37.88221865800593
-19.76976976976978 37.30173738731864
-19.66966966966968 37.205010587643905
-19.56956956956958 36.93024039570613
-19.46946946946948 36.783030952010144
-19.36936936936938 37.06298281422936
-19.26926926926928 36.16166594470746
-19.16916916916918 36.78098018373667
-19.06906906906908 35.813143627484955
-18.96896896896898 36.31647968777378
-18.86886886886888 35.522542087517984
-18.76876876876878 35.551655014728716
-18.66866866866868 35.05631498169391
-18.56856856856858 35.52005047849358
-18.46846846846848 35.000919399078036
-18.36836836836838 34.82459846073989
-18.26826826826828 34.61335862771116
-18.16816816816818 33.90218221697899
-18.06806806806808 34.5588418557252
-17.96796796796798 34.049186410152124
-17.86786786786788 34.02429289851985
-17.76776776776778 33.17780963606463
-17.66766766766768 33.15670906070554
-17.56756756756758 32.89227182372621
-17.46746746746748 33.36460926697458
-17.36736736736738 32.79122175286282
-17.26726726726728 32.286865962175696
-17.16716716716718 31.942052300797627
-17.06706706706708 32.23956734289713
-16.96696696696698 32.39950134886189
-16.86686686686688 31.527304447021983
-16.76676676676678 32.01051774372705
-16.66666666666668 30.995150151237453
-16.56656656656658 30.756195856083945
-16.46646646646648 30.71194320183156
-16.36636636636638 30.616540487830306
-16.26626626626628 30.3402907621181
-16.166166166166178 30.632457049204646
-16.066066066066078 29.95555308607065
-15.965965965965978 30.09983307675056
-15.865865865865878 29.232207014062304
-15.765765765765778 29.92167628853375
-15.665665665665678 29.694247660843082
-15.565565565565578 29.215414118366603
-15.465465465465478 29.3151582197315
-15.365365365365378 28.613681111781915
-15.265265265265278 28.106559240868453
-15.165165165165178 27.98888577919961
-15.065065065065077 28.422664163694805
-14.964964964964977 27.895847495177755
-14.864864864864877 27.765472957172157
-14.764764764764777 27.07474126568189
-14.664664664664677 27.654203228586248
-14.564564564564577 27.24102200409807
-14.464464464464477 27.13839271745441
-14.364364364364377 26.853083999144253
-14.264264264264277 26.319632970463612
-14.164164164164177 25.975936573218686
-14.064064064064077 26.599864405062583
-13.963963963963977 26.02455502368928
-13.863863863863877 25.608053234091237
-13.763763763763777 25.488837673829774
-13.663663663663677 24.950983478855342
-13.563563563563577 25.51892866102615
-13.463463463463476 25.18255820916982
-13.363363363363376 24.93134112648681
-13.263263263263276 24.04976528193641
-13.163163163163176 24.119750495900284
-13.063063063063076 24.028300677607188
-12.962962962962976 23.99706228066766
-12.862862862862876 24.048358580686703
-12.762762762762776 23.325556425057062
-12.662662662662676 23.788518046683684
-12.562562562562576 23.118361049060653
-12.462462462462476 22.90583354393365
-12.362362362362376 22.61762479458221
-12.262262262262276 22.511646214361875
-12.162162162162176 22.21257967030803
-12.062062062062076 22.299377798820252
-11.961961961961975 21.484878371479226
-11.861861861861875 22.202374377662455
-11.761761761761775 21.93044055406737
-11.661661661661675 21.79208523572974
-11.561561561561575 21.268466363267628
-11.461461461461475 20.820469904046035
-11.361361361361375 21.211810497002343
-11.261261261261275 20.13212384643834
-11.161161161161175 20.131721432510634
-11.061061061061075 20.4034292017494
-10.960960960960975 19.837826692831495
-10.860860860860875 19.855920739682336
-10.760760760760775 19.23559990969417
-10.660660660660675 19.80248709004239
-10.560560560560575 19.583418787210462
-10.460460460460475 18.947103662665146
-10.360360360360374 18.50537840643083
-10.260260260260274 18.116243812223107
-10.160160160160174 18.52055070267317
-10.060060060060074 18.163290221700624
-9.959959959959974 18.21129307606547
-9.859859859859874 17.282144956808356
-9.759759759759774 18.000044515489357
-9.659659659659674 17.784417184184726
-9.559559559559574 16.953972883726234
-9.459459459459474 16.443276854535643
-9.359359359359374 16.84863828696351
-9.259259259259274 16.959154500845077
-9.159159159159174 16.5449312603714
-9.059059059059074 15.64641590767021
-8.958958958958974 16.357968231032412
-8.858858858858873 15.530049314626435
-8.758758758758773 15.703045493445341
-8.658658658658673 15.146997227496453
-8.558558558558573 14.713455173188743
-8.458458458458473 15.20339754358859
-8.358358358358373 14.449866678405463
-8.258258258258273 14.097644385848643
-8.158158158158173 14.613614075022987
-8.058058058058073 14.19644197251413
-7.957957957957973 13.579767404801986
-7.857857857857873 13.679128697653901
-7.757757757757773 13.964094194191892
-7.657657657657673 13.042346921505738
-7.557557557557573 13.605348102569309
-7.457457457457473 12.796103035104286
-7.3573573573573725 12.695797428383067
-7.257257257257272 12.062502074120761
-7.157157157157172 12.134187663540377
-7.057057057057072 12.304681730244779
-6.956956956956972 11.952710066980234
-6.856856856856872 12.126058366265802
-6.756756756756772 11.71993721063997
-6.656656656656672 11.364914562052853
-6.556556556556572 11.122623552432435
-6.456456456456472 10.708201713626563
-6.356356356356372 10.84892045456236
-6.256256256256272 10.918429548824676
-6.156156156156172 10.442708226026005
-6.056056056056072 9.93152072344339
-5.955955955955972 9.872818241360122
-5.8558558558558715 9.479995755331961
-5.7557557557557715 9.201943082059538
-5.655655655655671 9.228927030221787
-5.555555555555571 9.378678445647424
-5.455455455455471 9.401483964202466
-5.355355355355371 8.883693937602686
-5.255255255255271 8.501937744496153
-5.155155155155171 8.699406867675291
-5.055055055055071 8.517679435073504
-4.954954954954971 7.9442712182072395
-4.854854854854871 8.164731733979597
-4.754754754754771 7.01105874335021
-4.654654654654671 7.615627738922635
-4.554554554554571 7.3070878211163315
-4.454454454454471 7.262242459629836
-4.354354354354371 6.737664529992787
-4.2542542542542705 6.482671108238533
-4.15415415415417 6.067076322812452
-4.05405405405407 5.9296517726894375
-3.9539539539539703 5.789987414740363
-3.8538538538538702 5.383059452601798
-3.75375375375377 5.346314220041068
-3.65365365365367 4.821001084990254
-3.55355355355357 5.501524773585714
-3.45345345345347 4.688996304434202
-3.35335335335337 4.719344502232497
-3.25325325325327 4.776237163630564
-3.15315315315317 3.9932289347061305
-3.0530530530530697 4.049207373592815
-2.9529529529529697 4.135468496264225
-2.8528528528528696 3.918862005736732
-2.7527527527527695 3.0978375121418513
-2.6526526526526695 2.916594808976227
-2.5525525525525694 2.80532626227682
-2.4524524524524693 2.580457465025498
-2.3523523523523693 2.9053669669719433
-2.252252252252269 2.476268160721817
-2.152152152152169 2.0903696829996177
-2.052052052052069 1.9337067213813937
-1.951951951951969 1.4532376945255185
-1.851851851851869 2.016218147795991
-1.751751751751769 1.0363716197112005
-1.6516516516516688 0.9821370080106138
-1.5515515515515688 1.0776624287694803
-1.4514514514514687 0.565127220946521
-1.3513513513513686 0.8259044881180315
-1.2512512512512686 0.6026583918063775
-1.1511511511511685 0.4673444383132659
-1.0510510510510684 0.18528659310981566
-0.9509509509509684 0.0897597011990563
-0.8508508508508683 -0.33392386710436983
-0.7507507507507682 -0.4838046707311817
-0.6506506506506682 -0.34668362468221203
-0.5505505505505681 -1.2864307604843344
-0.450450450450468 -1.1288951818107065
-0.3503503503503679 -1.3413028704767713
-0.25025025025026776 -1.6126381567161325
-0.15015015015016764 -1.4965705842873631
-0.05005005005006753 -2.1809852780874297
0.050050050050032574 -2.5103034224216643
0.15015015015013267 -2.61333439306126
0.2502502502502328 -2.166884302685672
0.3503503503503329 -2.971108316486469
0.450450450450433 -2.8801655596597033
0.5505505505505331 -3.36210828713257
0.6506506506506332 -2.8144828952811674
0.7507507507507333 -3.9524057203234557
0.8508508508508333 -4.101524144460799
0.9509509509509334 -4.087695240629767
1.0510510510510336 -3.6777928915526834
1.1511511511511336 -4.456157493085895
1.2512512512512337 -4.15207728789714
1.3513513513513338 -4.871116991420239
1.4514514514514338 -5.332392430092105
1.551551551551534 -4.707525168792834
1.651651651651634 -5.604147898699607
1.751751751751734 -5.509328331395655
1.851851851851834 -5.622009117089806
1.9519519519519342 -5.747238617595176
2.0520520520520344 -6.23266002427175
2.1521521521521345 -6.584841169634284
2.2522522522522346 -6.519395132942477
2.3523523523523346 -6.476237297531543
2.4524524524524347 -7.296507502265573
2.5525525525525348 -7.125817216680789
2.652652652652635 -7.58550608294691
2.752752752752735 -7.179924827695718
2.852852852852835 -7.989378308235813
2.952952952952935 -7.8651432510231665
3.053053053053035 -7.717871188684812
3.153153153153135 -8.747094136942025
3.2532532532532352 -8.18793337656158
3.3533533533533353 -8.949777206210255
3.4534534534534354 -8.870252989751021
3.5535535535535354 -9.375729213677767
3.6536536536536355 -9.725825420899092
3.7537537537537355 -9.013176146676088
3.8538538538538356 -9.385656216343154
3.9539539539539357 -9.853787498877756
4.054054054054036 -9.991378436476861
4.154154154154136 -10.803890787591119
4.254254254254236 -10.513455592234845
4.354354354354336 -10.517715731222099
4.454454454454436 -10.684835184303036
4.554554554554536 -11.062435022503248
4.654654654654636 -11.578874313052644
4.754754754754736 -11.724850393013217
4.854854854854836 -12.077915339713606
4.954954954954936 -12.056311640861328
5.055055055055036 -12.139255001871293
5.1551551551551364 -12.128002175899333
5.2552552552552365 -12.094013250614667
5.355355355355337 -13.119599564026823
5.455455455455437 -13.296526217078231
5.555555555555537 -13.21142256325652
5.655655655655637 -12.971700187267855
5.755755755755737 -13.698780999680368
5.855855855855837 -14.138978839439659
5.955955955955937 -13.436999040807674
6.056056056056037 -14.187281575535378
6.156156156156137 -14.780510370932864
6.256256256256237 -14.057926763838916
6.356356356356337 -14.957923583783238
6.456456456456437 -14.693996225936326
6.556556556556537 -15.169800300723077
6.656656656656637 -15.42603835079369
6.7567567567567375 -15.184227955835292
6.8568568568568375 -15.386029796296981
6.956956956956938 -15.89862365205096
7.057057057057038 -15.83408508988289
7.157157157157138 -16.530477531689964
7.257257257257238 -16.01485135331518
7.357357357357338 -17.07520358227557
7.457457457457438 -16.761565303992672
7.557557557557538 -17.440563552319905
7.657657657657638 -17.573467275595483
7.757757757757738 -17.733287478732215
7.857857857857838 -18.204121661882418
7.957957957957938 -18.267932906814178
8.05805805805804 -18.421023132624526
8.15815815815814 -18.70847367045227
8.25825825825824 -18.396882258714072
8.35835835835834 -18.791742161019112
8.45845845845844 -19.145769658494768
8.55855855855854 -19.25518367043485
8.65865865865864 -19.357815399329308
8.75875875875874 -19.07032139103579
8.85885885885884 -19.358745289188036
8.95895895895894 -20.023145666187013
9.05905905905904 -20.528900257076796
9.15915915915914 -19.97298174595758
9.25925925925924 -20.27361354718845
9.35935935935934 -21.13627889086294
9.45945945945944 -21.315375154264334
9.55955955955954 -21.08959937837734
9.65965965965964 -21.059929075526554
9.75975975975974 -21.459641600053907
9.85985985985984 -21.81453742993609
9.95995995995994 -21.794556012678097
10.06006006006004 -22.55769310339924
10.16016016016014 -22.701628872005436
10.26026026026024 -22.485528898677885
10.36036036036034 -23.037516039581543
10.46046046046044 -23.010393499246742
10.56056056056054 -22.77888008844588
10.66066066066064 -22.94025226230538
10.760760760760741 -23.948167175418927
10.860860860860841 -24.01181236956858
10.960960960960941 -23.870379277365704
11.061061061061041 -24.43302466684829
11.161161161161141 -24.575451487404663
11.261261261261241 -24.86871816576211
11.361361361361341 -24.805004537791593
11.461461461461441 -24.99278552605603
11.561561561561541 -25.033960627218306
11.661661661661642 -25.05714703665941
11.761761761761742 -25.86330723348745
11.861861861861842 -25.47663674481616
11.961961961961942 -26.001068977667856
12.062062062062042 -26.394312424553732
12.162162162162142 -26.72957372288808
12.262262262262242 -26.127204288274292
12.362362362362342 -26.898025528081956
12.462462462462442 -26.96126932306511
12.562562562562542 -27.204247033616745
12.662662662662642 -27.488771072304846
12.762762762762742 -27.196624838964716
12.862862862862842 -27.693294429446876
12.962962962962942 -28.37955863620713
13.063063063063042 -27.778342070481646
13.163163163163142 -28.120224994798676
13.263263263263243 -28.905529878711903
13.363363363363343 -28.292743945748395
13.463463463463443 -29.017763505747475
13.563563563563543 -29.553779745692324
13.663663663663643 -28.84077425609631
13.763763763763743 -29.60148915858125
13.863863863863843 -29.41172869375755
13.963963963963943 -30.242199542461485
14.064064064064043 -30.614390281990183
14.164164164164143 -30.57527969595162
14.264264264264243 -30.603964602256937
14.364364364364343 -30.339755422184716
14.464464464464443 -30.688134396583887
14.564564564564543 -30.664094440676624
14.664664664664643 -31.560103460287873
14.764764764764744 -31.075387736950795
14.864864864864844 -31.230300051052733
14.964964964964944 -32.092413581575045
15.065065065065044 -31.91070496808
15.165165165165144 -32.71968010204344
15.265265265265244 -32.41390151355082
15.365365365365344 -32.3317805680107
15.465465465465444 -32.64160592908426
15.565565565565544 -33.178907596678414
15.665665665665644 -32.867711789269265
15.765765765765744 -33.92918286718233
15.865865865865844 -34.04123448119466
15.965965965965944 -34.399966748487806
16.066066066066046 -34.126803511375726
16.166166166166146 -34.01128951068049
16.266266266266246 -34.80573734780182
16.366366366366346 -34.34714260599138
16.466466466466446 -35.02982828951777
16.566566566566546 -34.84610611234471
16.666666666666647 -35.162729617856364
16.766766766766747 -35.607567888810586
16.866866866866847 -35.579605128818
16.966966966966947 -36.12388292310863
17.067067067067047 -35.80318702075218
17.167167167167147 -36.69687610950221
17.267267267267247 -36.82167528415731
17.367367367367347 -37.118133285307245
17.467467467467447 -37.30846225980757
17.567567567567547 -36.869950480166
17.667667667667647 -37.80231623729758
17.767767767767747 -37.60539459380766
17.867867867867847 -37.625617129524656
17.967967967967947 -37.69381773367804
18.068068068068047 -37.64309367281326
18.168168168168148 -38.358886572425675
18.268268268268248 -38.97922390648236
18.368368368368348 -38.810634860941434
18.468468468468448 -39.21336645901247
18.568568568568548 -39.1864953116352
18.668668668668648 -39.411499742420276
18.768768768768748 -39.20836565710905
18.868868868868848 -39.79524496697384
18.968968968968948 -39.85753520839924
19.069069069069048 -39.915099033999034
19.169169169169148 -39.925141271994924
19.269269269269248 -40.51733980477729
19.36936936936935 -40.85551380697944
19.46946946946945 -40.864099923992086
19.56956956956955 -41.44044857695434
19.66966966966965 -41.184223478055024
19.76976976976975 -41.70564857247248
19.86986986986985 -42.158681309205605
19.96996996996995 -42.05218802436151
20.07007007007005 -42.44786311714784
20.17017017017015 -42.656157750414536
20.27027027027025 -42.177698524434376
20.37037037037035 -42.30329085770977
20.47047047047045 -43.05536950202269
20.57057057057055 -42.741370868180915
20.67067067067065 -43.28082631861468
20.77077077077075 -44.00498479026003
20.87087087087085 -44.16424202616522
20.97097097097095 -43.722478221396045
21.07107107107105 -44.218148463256604
21.17117117117115 -44.60594482155432
21.27127127127125 -44.44187661744734
21.37137137137135 -45.088261505153724
21.47147147147145 -45.39003496007703
21.57157157157155 -45.57746481833195
21.67167167167165 -44.86043834484572
21.77177177177175 -45.20342181580061
21.87187187187185 -45.45385824344696
21.97197197197195 -46.124433942091166
22.07207207207205 -45.76128743203645
22.17217217217215 -46.81614455270234
22.27227227227225 -46.29656061313776
22.37237237237235 -46.890299959725695
22.47247247247245 -46.894982425485495
22.57257257257255 -47.47931358881318
22.67267267267265 -46.88329659251765
22.77277277277275 -47.40135063996964
22.87287287287285 -47.743471050982066
22.97297297297295 -48.00131146566437
23.07307307307305 -47.95233436258436
23.17317317317315 -48.7915420898913
23.27327327327325 -48.50041432194965
23.37337337337335 -48.822615173329254
23.47347347347345 -48.95511161645958
23.57357357357355 -48.86375221123631
23.67367367367365 -49.623676371200794
23.77377377377375 -49.21342040007801
23.87387387387385 -50.03780187541833
23.97397397397395 -49.77673474564353
24.07407407407405 -49.88084752488424
24.17417417417415 -50.40530142683775
24.27427427427425 -50.22695868337352
24.37437437437435 -50.59919914569482
24.47447447447445 -51.284254735573896
24.57457457457455 -51.20643607328682
24.67467467467465 -51.316765497954464
24.77477477477475 -51.64333876352404
24.874874874874852 -51.25624906286645
24.974974974974952 -52.30519955207108
25.075075075075052 -52.25913040045359
25.175175175175152 -51.87977906064897
25.275275275275252 -52.778645850099096
25.375375375375352 -52.34095402994267
25.475475475475452 -53.130325627764776
25.575575575575552 -52.84431564216317
25.675675675675652 -53.16202957996947
25.775775775775752 -53.91363423065262
25.875875875875852 -53.98908264032
25.975975975975953 -54.273960335945404
26.076076076076053 -54.4212205055125
26.176176176176153 -54.015252814021274
26.276276276276253 -54.151014845214966
26.376376376376353 -54.255712258209684
26.476476476476453 -55.06253723491126
26.576576576576553 -54.896722826786885
26.676676676676653 -55.58295034545514
26.776776776776753 -55.936118966262846
26.876876876876853 -55.37657408824841
26.976976976976953 -56.13241791576856
27.077077077077053 -56.2682188071563
27.177177177177153 -56.8230910385088
27.277277277277253 -56.08704923342943
27.377377377377353 -56.61266413316735
27.477477477477454 -56.51014677616736
27.577577577577554 -57.413582753817245
27.677677677677654 -57.431864519153066
27.777777777777754 -57.380881314067395
27.877877877877854 -58.22597726086077
27.977977977977954 -58.30164874871008
28.078078078078054 -58.44685459318238
28.178178178178154 -58.63736455968498
28.278278278278254 -58.337139953188455
28.378378378378354 -59.061036007252596
28.478478478478454 -59.38578831424753
28.578578578578554 -58.85572035648303
28.678678678678654 -59.384259501137564
28.778778778778754 -60.0548683064594
28.878878878878854 -59.84202194536816
28.978978978978954 -59.80074546808053
29.079079079079055 -60.486500340308595
29.179179179179155 -59.90212911575577
29.279279279279255 -60.237788666725976
29.379379379379355 -60.298059387694835
29.479479479479455 -60.7248073828495
29.579579579579555 -61.62654695071999
29.679679679679655 -60.916446233131644
29.779779779779755 -61.886075426463655
29.879879879879855 -61.957312855053004
29.979979979979955 -61.52813627592389
30.080080080080055 -62.11108902841776
30.180180180180155 -61.979918486970774
30.280280280280255 -62.9726402490203
30.380380380380355 -62.55104455697847
30.480480480480455 -62.56976793958812
30.580580580580556 -62.89467106449028
30.680680680680656 -63.7530478712026
30.780780780780756 -63.37350544985006
30.880880880880856 -63.593146484780355
30.980980980980956 -64.01185256893022
31.081081081081056 -64.45431493890547
31.181181181181156 -64.61659598867443
31.281281281281256 -64.68475856397275
31.381381381381356 -64.5283103999788
31.481481481481456 -64.51298402549116
31.581581581581556 -65.4581440182203
31.681681681681656 -64.92711787266028
31.781781781781756 -65.6007247388648
31.881881881881856 -66.06403518406361
31.981981981981956 -65.54653119265322
32.08208208208206 -66.57876622461336
32.18218218218216 -66.29170225070119
32.28228228228226 -66.59327729111563
32.38238238238236 -66.4362841845359
32.48248248248246 -67.23793312115367
32.58258258258256 -67.53495776035986
32.68268268268266 -67.45870371326306
32.78278278278276 -67.81324666820994
32.88288288288286 -68.2378150401805
32.98298298298296 -68.36735562448156
33.08308308308306 -68.59376974879028
33.18318318318316 -68.54177151229761
33.28328328328326 -68.72656923419005
33.38338338338336 -68.92460722101274
33.48348348348346 -69.3530109793799
33.58358358358356 -69.04977226339375
33.68368368368366 -69.14195208595612
33.78378378378376 -69.16519266408517
33.88388388388386 -70.07663172076938
33.98398398398396 -69.76962082262929
34.08408408408406 -70.51611865756358
34.18418418418416 -69.97360032104525
34.28428428428426 -70.53565440281722
34.38438438438436 -70.27377680148035
34.48448448448446 -71.24043564363011
34.58458458458456 -71.19924909218457
34.68468468468466 -70.97293136167062
34.78478478478476 -71.38368264791274
34.88488488488486 -71.58324582901515
34.98498498498496 -72.31148381845284
35.08508508508506 -71.97778148580767
35.18518518518516 -71.8888565434359
35.28528528528526 -72.38535850411249
35.38538538538536 -72.69380574033647
35.48548548548546 -72.92322502134644
35.58558558558556 -73.5902644763621
35.68568568568566 -72.9586256466386
35.78578578578576 -73.16202510764165
35.88588588588586 -74.15475105720785
35.98598598598596 -74.17795004143457
36.08608608608606 -74.28230012382778
36.18618618618616 -74.07129502529952
36.28628628628626 -74.54826260029598
36.38638638638636 -74.96755028858341
36.48648648648646 -75.12995772126976
36.58658658658656 -75.3760100471525
36.68668668668666 -75.45230599469623
36.78678678678676 -75.75372326259247
36.88688688688686 -75.76660123751655
36.98698698698696 -76.22432603858307
37.08708708708706 -76.39590114580909
37.18718718718716 -75.99066210695736
37.28728728728726 -76.33114997676871
37.38738738738736 -77.10558123775151
37.48748748748746 -77.27825134870662
37.587587587587564 -77.18076860503615
37.687687687687664 -76.96385495897886
37.787787787787764 -77.224172045502
37.887887887887864 -78.06032091678553
37.987987987987964 -77.74220748357415
38.088088088088064 -78.1512653669958
38.188188188188164 -78.64746062725646
38.288288288288264 -78.25073155028517
38.388388388388364 -78.73446172272078
38.488488488488464 -78.64320771201423
38.588588588588564 -78.86806421608962
38.688688688688664 -79.71963724737792
38.788788788788764 -79.64815655070092
38.888888888888864 -79.64682571297628
38.988988988988964 -79.73240034454481
39.089089089089065 -80.58420060485133
39.189189189189165 -80.01131968425878
39.289289289289265 -80.8220641198505
39.389389389389365 -81.21763507867004
39.489489489489465 -81.08800237034566
39.589589589589565 -80.82889229874029
39.689689689689665 -80.89106609377819
39.789789789789765 -81.28820482699864
39.889889889889865 -81.5441787379838
39.989989989989965 -81.85570458333987
40.090090090090065 -82.43078953059224
40.190190190190165 -82.03085585371815
40.290290290290265 -82.52829046321341
40.390390390390365 -82.40527820484934
40.490490490490465 -82.64373371264162
40.590590590590566 -83.45366904535285
40.690690690690666 -83.59188956657496
40.790790790790766 -83.81771573112229
40.890890890890866 -83.59600355447232
40.990990990990966 -83.7398110023465
41.091091091091066 -83.82146027928702
41.191191191191166 -84.84958636308767
41.291291291291266 -84.57502479854413
41.391391391391366 -84.3707755549261
41.491491491491466 -84.5898713285306
41.591591591591566 -85.10711498776058
41.691691691691666 -85.85105899824292
41.791791791791766 -85.37665397568374
41.891891891891866 -85.83868844035598
41.991991991991966 -86.22113055963865
42.09209209209207 -86.22725381491756
42.19219219219217 -86.03249479722065
42.29229229229227 -86.18965592398317
42.39239239239237 -86.75812822188853
42.49249249249247 -87.33229937132323
42.59259259259257 -87.60008801357391
42.69269269269267 -87.11236777548713
42.79279279279277 -87.87644736201617
42.89289289289287 -87.6478478576983
42.99299299299297 -88.21353216318197
43.09309309309307 -88.27260971097702
43.19319319319317 -88.46996723915593
43.29329329329327 -88.7696890733692
43.39339339339337 -88.72471533066096
43.49349349349347 -89.05206383489241
43.59359359359357 -88.99386949443766
43.69369369369367 -89.37726095401034
43.79379379379377 -89.26136556410133
43.89389389389387 -90.06502953292303
43.99399399399397 -90.33791548901273
44.09409409409407 -89.83040983276315
44.19419419419417 -90.40559890336604
44.29429429429427 -90.30152398562758
44.39439439439437 -91.00233505256358
44.49449449449447 -91.22540118091638
44.59459459459457 -91.27491716301314
44.69469469469467 -91.29858795803352
44.79479479479477 -91.43982154066177
44.89489489489487 -92.12401728962175
44.99499499499497 -92.38038038208656
45.09509509509507 -92.48283221065387
45.19519519519517 -92.75427619648451
45.29529529529527 -93.02016495045753
45.39539539539537 -92.94820336274773
45.49549549549547 -92.53722143900272
45.59559559559557 -92.99284409185934
45.69569569569567 -92.92775118106148
45.79579579579577 -93.42129782803438
45.89589589589587 -93.32380389135956
45.99599599599597 -94.03243125513575
46.09609609609607 -94.26167186470475
46.19619619619617 -94.10630639801737
46.29629629629627 -94.5415548441531
46.39639639639637 -94.54529212150496
46.49649649649647 -95.44059340229967
46.59659659659657 -95.39944714921965
46.69669669669667 -94.91471391114045
46.79679679679677 -95.730423948076
46.89689689689687 -95.3657940325573
46.99699699699697 -95.71101147123417
47.09709709709707 -96.29195668671032
47.19719719719717 -96.41840401675489
47.29729729729727 -96.12466699154842
47.39739739739737 -97.1136310020526
47.49749749749747 -96.59045211426701
47.59759759759757 -96.79695336723708
47.69769769769767 -96.93057358728714
47.79779779779777 -97.8634532637254
47.89789789789787 -98.04131827245955
47.99799799799797 -98.36290944206306
48.09809809809807 -98.44257063265432
48.19819819819817 -98.28613868289261
48.29829829829827 -98.68419970350627
48.39839839839837 -98.78343861084603
48.49849849849847 -99.20912214010276
48.59859859859857 -99.08111535226271
48.69869869869867 -99.51865077207088
48.79879879879877 -99.1452176244215
48.89889889889887 -100.04924147757218
48.99899899899897 -99.87780114109557
49.09909909909907 -100.14872037975826
49.19919919919917 -100.58496176428032
49.29929929929927 -100.72259581187352
49.39939939939937 -100.87652648923086
49.49949949949947 -101.15459390773289
49.59959959959957 -101.52807590416076
49.69969969969967 -101.2469409198786
49.79979979979977 -101.62466439201928
49.89989989989987 -101.79136002324199
49.99999999999997 -101.71435290399097