1.0 -5.330721465945285 -5.1793110476483895
1.0 -3.823068477202267 -7.522184510399477
1.0 -0.0718692164245649 -9.049023650040093
1.0 1.5593765286678227 -8.20696770690754
1.0 -4.357777022371565 -7.474667708114067
-1.0 -3.2017118796876654 6.071305623536546
-1.0 2.842247556489802 1.6359643857619908
-1.0 3.1468968754966262 9.278327844290558
-1.0 -9.477283565992881 7.507602465627269
-1.0 3.275419763861036 2.0767915476449765
1.0 -9.700503782930209 -7.418662134045975
1.0 8.447068331220741 -0.36010489370768717
-1.0 -6.844775651992132 2.796476118042415
-1.0 -6.590317173663842 1.6075086677827226
1.0 -3.631082835520063 -1.254175245375233
1.0 -1.0159264843771787 -6.2391969149340465
1.0 0.1518635431326807 -5.913143536279741
1.0 -8.431577304538028 -8.989321610836349
-1.0 5.562686844596627 2.923231915532929
-1.0 8.641398181976545 6.939862569525793
1.0 -2.0497791763075774 -1.1718168516441736
-1.0 9.834893517846421 6.408080865329673
1.0 -6.526349444598194 -5.236693252346518
-1.0 -5.739396524240902 4.624218698739384
-1.0 0.17512874130932055 5.3533282374486575
1.0 -3.4870826213352535 -1.391048524416954
1.0 -0.36912823286129104 -9.190552753542306
1.0 -3.866099919316788 -4.884177401364303
-1.0 -9.61748029611705 5.250897210433791
1.0 8.314403741157477 -7.151692813268271
-1.0 -9.848679188304823 1.2563783628167968
-1.0 7.218644666449251 6.204902437422138
1.0 -9.736514955971447 -2.8159320804391523
-1.0 7.557852726839961 2.803844792292301
1.0 -7.234163400977938 -5.869071002797757
-1.0 -5.098115210435141 7.6835632641208775
1.0 -1.6133342614977124 -4.640917334050812
-1.0 -9.294025763523237 3.3445238905248775
1.0 -8.20252308651664 -7.400973542008929
-1.0 4.143077579015877 6.692639704722655
1.0 9.557095286146172 0.8465270971927517
1.0 -0.4294602128043845 -8.536032793287045
-1.0 -4.329612479321532 6.102036612073313
-1.0 -4.176889704713047 7.8549223867065905
1.0 9.869626949296965 -1.0414843016975652
-1.0 -8.487403467403187 9.85179872065482
-1.0 -5.472684676612007 1.0255786265105176
1.0 -0.8722606971695157 -4.852110830030019
1.0 7.535061544854983 -9.115089721209305
1.0 9.966168536871415 -7.44395301062696
-1.0 -9.466114186594512 1.603928373339187
1.0 1.793582548028068 -2.5309380940950232
1.0 4.557109927108062 -7.208300874698333
1.0 1.613570150424163 -2.8102624467242237
1.0 8.447775869359447 -3.236849427860915
-1.0 7.044784317917255 4.847115779352576
-1.0 -0.6616952906210578 0.5846538348598678
1.0 -8.459548955415169 -6.865200717420999
1.0 -0.9690962135843648 -6.393930280853313
-1.0 -8.951523208096608 7.251866574530837
-1.0 -4.7070015041649 3.5414020779653015
-1.0 -7.301291071225176 0.19641227751364632
-1.0 -7.117240607674571 3.2422167482899162
1.0 -0.2828298742604911 -7.043743487831556
1.0 -4.454438170575148 -4.984973100891306
1.0 -8.994615111647224 -2.8390818441867216
-1.0 7.27300701355794 9.665867880423711
-1.0 8.686185298192882 8.403470406439759
1.0 8.791914998034876 -6.587673815425317
-1.0 -7.59433053110949 4.710420191994707
1.0 -6.448526433842893 -2.6146938013567222
-1.0 -4.705732728865948 6.532303533990639
1.0 -3.597486985690985 -8.3501408526276
1.0 3.2281483031830387 -7.8528021327825925
1.0 -2.2863381633694217 -1.4935711865461325
1.0 -3.6045089456607986 -4.486096424080399
1.0 -4.155089092322141 -1.7091060613598685
-1.0 0.16040512494274495 2.3810619531296524
-1.0 -8.300098325453664 4.973823748174638
-1.0 -9.169404903502134 4.853018902851197
1.0 0.5040344554917233 -1.433604992719168
1.0 -8.82688530922831 -5.367227248663696
1.0 -1.9937311196573138 -3.32755656833106
1.0 -9.61413631657486 -9.193130843533046
-1.0 0.9782797665162963 8.483164466186746
-1.0 -6.279255502556465 9.306648356954188
-1.0 -4.81460043979959 1.0929975876741196
-1.0 8.067681291076259 8.074770844665558
-1.0 -2.0704285369564808 0.222269381287429
-1.0 1.5469940907986555 4.485486908994542
-1.0 -3.1846820404346987 5.264194642997307
-1.0 -2.4791142102308044 -0.28835998680629515
-1.0 1.5654955733079472 2.0308747552090445
1.0 -3.576904229332854 -1.4990698569267202
-1.0 1.514411954669221 5.65494982449032
-1.0 2.4190480665730263 2.2184944291180813
-1.0 -2.1683582021555514 0.8106109925353682
1.0 6.147101166786619 -1.9676121121482009
-1.0 -3.4193292136291698 6.749691898290852
-1.0 -0.34520293534768953 7.763085534618565
1.0 6.392274986767671 0.6056017279344683
1.0 -4.867722360859008 -3.812344857954142
-1.0 2.833320258745399 3.9998910425796996
1.0 5.158322425885267 -9.516219926724293
1.0 0.47746020980797965 -4.80673037172938
1.0 -1.087254316790231 -9.981656689443824
1.0 -6.765029268197069 -8.145070474459928
-1.0 -3.827829691721174 8.829820008204837
1.0 3.6747685576533033 -2.018943966256601
1.0 -1.1055292862704071 -8.076751853150032
-1.0 2.8724117896594574 2.575445279360917
1.0 8.810470375951244 0.8910843595001623
1.0 3.743689397535997 -2.587830484023903
1.0 -1.3202510988806182 -5.6072146321214
-1.0 -7.125828553261819 6.532271085051555
1.0 -5.269294192084926 -5.329523039018764
1.0 8.530871602254294 -8.916505401264516
1.0 8.29329760295025 -7.45238485244389
-1.0 -4.157028461848842 9.694093051410299
1.0 5.746159406047992 0.25206748899544706
1.0 -5.935681865537079 -3.221215489109883
1.0 7.638086935367642 -6.075421442531694
-1.0 -4.618803588219933 9.006957212390414
1.0 0.20715793028543672 -4.1818912798123575
-1.0 -0.09533589498540174 3.620260425604126
-1.0 5.509028540276567 9.96307684659197
1.0 -2.7124932827815744 -8.631256097107443
-1.0 9.97924163194654 4.468055433839593
1.0 -8.16834163414966 -8.458256113405675
-1.0 -4.5073447380232885 8.645012605380387
-1.0 -4.997279673522996 6.901740972401246
-1.0 -8.15361963183079 3.792711342957432
1.0 -3.056026161162986 -7.713550505192477
1.0 -4.919092359953348 -7.2585779331330365
1.0 -3.1169133318148994 -7.77356673867966
1.0 -7.832633900413488 -4.843373659534034
1.0 1.250474836688781 -9.867442149176632
1.0 -0.6728392168475459 -6.881078982589761
-1.0 7.8790766592011 4.439644316808234
-1.0 -1.3864996770004918 4.641872381838972
-1.0 4.831064640219886 5.549699551629866
1.0 5.372609467730731 -8.440910453581473
1.0 3.197816750539115 -8.49985774046188
1.0 -2.184288245391615 -7.393678368371177
-1.0 -5.354765117457115 9.989470386088556
1.0 9.171140406861497 -7.456076378892846
-1.0 -3.4727099834168023 9.724845033125995
1.0 2.749215513988105 -6.190451808321167
-1.0 0.06644969021458991 5.013105100469399
-1.0 0.740816834849916 8.460472904173653
-1.0 -9.599570324747893 4.098745441313586
1.0 -1.3161489384787632 -4.940514467856463
-1.0 1.2204827046766873 3.9594362858716448
-1.0 9.270099137425834 7.67779563166448
1.0 1.2772322894228338 -7.898317289012957
-1.0 1.528217143020072 2.332960198042244
1.0 5.205831738354711 -0.6437418406814324
-1.0 -5.593074370001084 -0.05064839195360449
1.0 -3.0769915623163557 -3.244918566846615
1.0 7.395731308495861 -5.676775475260484
-1.0 -9.725656953157788 4.278225515632606
1.0 5.058780343122084 -1.406039887557494
1.0 8.660906598386752 -0.40820718440580883
-1.0 -2.779261631716629 4.367620706995252
-1.0 3.0501632660112215 0.85441224123878
-1.0 -7.968127039317543 3.908447498336434
-1.0 6.0768272900133375 9.252149115540579
1.0 5.252789840048926 -2.2915053663586926
1.0 -1.1348545179536913 -5.87135121084474
1.0 5.837554342705342 -2.7348930406321204
-1.0 6.754853228042979 6.409368123239826
1.0 5.257226647505657 -3.9595160650881445
1.0 0.2888380630676952 -5.524226711879862
-1.0 -4.005907370721129 0.34710314113842067
1.0 -1.37867509069598 -9.27257174948745
-1.0 -6.749816004879827 6.297314002680476
1.0 -6.068823985181789 -3.223089232269862
-1.0 -6.848062619201636 -1.0250659121271237
-1.0 -2.524317831409455 0.5545387272069533
1.0 -9.403858112050704 -4.368783255123569
-1.0 -9.403996659932032 9.556915023528692
1.0 0.37059302574773234 -4.0229100906224335
1.0 7.286197393232161 1.0553285888928858
-1.0 -3.7038441328896194 -0.46189938107339046
1.0 -1.136447726312431 -7.712911352999649
-1.0 4.87523100836794 2.558018421966665
-1.0 -4.17126996988941 1.4848847701551708
1.0 2.294879360083238 -4.918398840377938
-1.0 7.179998485312268 4.056317383536761
-1.0 6.62116116237177 2.616537595832771
-1.0 3.2466183850545143 7.307757473399221
1.0 -9.365484356385718 -3.8308685434528016
1.0 -5.467773682813563 -8.18626759381982
-1.0 4.9942906599736485 9.467806999683852
1.0 6.1098435645130635 -2.134934041250938
1.0 -3.716183668149462 -7.166941630796472
1.0 -5.214081470249104 -8.613966461034096
1.0 9.975693297567936 -0.5780092264462571
-1.0 4.5515837946136095 5.292818603614066
-1.0 4.47025231753361 1.470132726651137
1.0 4.765107751806259 -0.52740538273817
1.0 9.09841642424319 -8.327264503520784
1.0 5.06028577186553 -4.605415599182045
1.0 -3.656513255131788 -2.0077035314208906
-1.0 -8.84869842538259 -0.1785217925264
-1.0 6.524647231384439 8.948587284312133
1.0 -3.494619331652757 -3.8283683189825846
1.0 1.7982686403263983 -9.158010538801493
1.0 -3.719682258265693 -8.210518083405102
1.0 -4.428631161205059 -1.619528068605442
-1.0 1.9747674223246143 4.7136651188277625
1.0 3.284877823083381 -4.17491405158521
1.0 7.91494509918444 -5.510656038993855
1.0 -8.987377021793792 -2.9616329492746747
-1.0 -5.997815768384529 8.153280831696506
1.0 -0.5647580434797472 -0.28541737338467854
-1.0 3.0715630325218655 4.727232162152104
1.0 -7.51348775719487 -8.409714891037293
1.0 5.76260593082117 -0.6127322002783551
-1.0 2.332853829292084 4.578160405913376
1.0 0.97884027079456 -8.066359388765388
-1.0 -4.664935186876837 6.536700334205229
1.0 -4.1862253903167375 -6.732116984952274
-1.0 7.254610174431562 9.782752724031912
1.0 5.246637290253169 -1.709181382414247
-1.0 -9.794919826210009 0.47353615772107105
1.0 8.962006369092624 -6.0327819907879014
1.0 -1.2872970537927273 -6.370761845668131
1.0 0.3232396053621507 -2.7401397938287815
1.0 -2.2619077084466532 -5.163155471559602
-1.0 0.8303841052064502 9.217787594341434
-1.0 1.6246803398932403 1.5703849587617817
-1.0 -7.680952776982295 8.71057505359887
-1.0 9.677566533893192 4.582298678764264
1.0 -1.29252957348454 -7.867533039767176
1.0 -8.560189886703405 -7.03482647712788
1.0 9.2748426301503 -6.142732511045463
-1.0 -7.278544973285381 5.252624869051502
1.0 -3.7453349515570045 -3.6931050007907213
-1.0 2.049865326420605 3.322621492450571
1.0 0.9527642297438987 -1.7964497397071142
1.0 -3.5517564312401717 -4.113899499209839
1.0 4.650326018168808 -5.092523889739924
-1.0 -4.68754283950553 3.988231737468734
1.0 3.2281107246935736 -4.300685522300965
-1.0 -8.355392202322236 2.219238612385295
1.0 7.748786117805 -0.5518964302378251
-1.0 1.0150446185019373 6.226198840744189
1.0 -2.839900658779948 -7.687015033053899
-1.0 -9.637196768270101 9.63679195902245
-1.0 -6.167613668185745 -1.0412747536010247
-1.0 1.1077417451265923 1.650486339392911
1.0 -2.180295267632588 -7.777818598416902
1.0 4.035919846080969 0.3221884949000202
-1.0 1.5346507232521418 5.248882347164926
1.0 -2.966951855067636 -4.042090030558773
1.0 -7.0472960135001035 -5.1740854035100075
1.0 0.9791220823628795 -5.938459451001801
1.0 2.5127313102461066 -5.030654898683917
1.0 3.9806283540803022 -2.0836541528052432
1.0 -3.443950634082407 -4.218560030137965
1.0 9.604999437030926 -2.845664212612644
-1.0 8.447242667932969 4.174965489330626
1.0 0.8952671855046486 -9.438809655928331
1.0 7.44569792579729 -9.731104082467542
-1.0 -1.3188450653001702 8.883947335860356
1.0 -5.052384407674353 -3.908121178645036
1.0 -9.933879506626804 -3.4467997257474643
1.0 7.894020681659537 1.6868459773518207
-1.0 -9.041847987381153 0.0010814376928998115
-1.0 -0.058904935239494804 7.792174719234186
1.0 5.125391307975573 -5.349169831923993
-1.0 2.4149179423707583 3.981860127125314
-1.0 -8.504049450259556 2.67329033456166
-1.0 -0.8764996204980253 6.479163197126429
-1.0 -8.715442805636238 9.250199571869423
1.0 1.7747609436841536 -9.184749333440855
1.0 -2.9830451982839996 -3.646326933239057
1.0 6.049885637166049 -8.913635409561396
1.0 6.636266119901485 -0.054188233496478944
-1.0 2.3072945949667982 9.770091619218103
1.0 -2.3862063065281465 -0.9781061821013068
1.0 9.443210270900689 -0.10666095569500378
-1.0 -1.6499627361288223 3.065149245768149
-1.0 -4.38938523140584 4.801645598607294
1.0 7.139965916453836 -1.74936501321708
-1.0 5.299156764903405 9.861494891170683
-1.0 -7.410119670995073 2.1302710721484317
1.0 8.704353901578198 -4.865671882538658
-1.0 3.611470729228529 1.5506204231321608
1.0 6.365215514015297 -1.6070156728677372
-1.0 1.981966956867474 9.199537004063487
-1.0 -0.27480465754401884 3.808323598599358
1.0 5.94754930893717 -9.552677119422713
-1.0 -3.4278404701545035 3.2158264616559133
-1.0 -0.5395245934502118 4.042584555228419
1.0 -0.7611570885639871 -5.921009632002043
-1.0 -1.6213381263728817 7.742489782483744
-1.0 2.9960404160593477 1.0983725578245895
-1.0 -7.680267587153368 3.101681048981014
1.0 -7.753428975787575 -3.1278297704549596
1.0 -1.1501699576831488 -7.5863940265785645
1.0 2.9288234009011145 -8.903757340113302
1.0 -4.699218719007973 -4.807419148452537
1.0 0.964479910293246 -2.50146710141901
-1.0 -7.252540927005051 1.6044214423353544
1.0 8.635793892665838 -6.96514218701039
-1.0 6.540497302905365 5.898005525751756
1.0 -6.546420660898069 -5.1699212086946655
-1.0 -1.7222238490684774 4.159670885882768
1.0 -2.622148590959843 -3.0693051633038104
1.0 -4.788622683152037 -2.393120973706031
1.0 8.178831196151275 -8.858076556390216
1.0 -5.174995417090988 -4.842896587764733
-1.0 -0.7231726306597466 4.054382641761254
1.0 -5.319872971359825 -2.8475611926539512
1.0 9.575266424933421 -4.177508324224275
-1.0 -9.382602298212994 5.889955065264406
-1.0 0.6019397693460942 5.338774055311916
-1.0 0.01317544953625216 8.002348556090936
1.0 -5.300687809745252 -8.844755968461097
-1.0 -8.970739765376578 8.75298440656017
-1.0 5.055518396539526 7.8351111008274685
-1.0 -6.342765742545772 8.953938936383263
1.0 -3.95655209209679 -6.62493713709855
-1.0 -6.152919806291348 1.4851992158410248
-1.0 0.6361220991072596 4.920409204400812
-1.0 8.123033075785738 6.2876977348207745
-1.0 -9.407686371586923 7.202418652042944
1.0 2.827898298676992 0.22239350412348813
1.0 4.6571747629705165 -9.040809954405491
1.0 -0.4996460100873108 -8.667858395142492
1.0 -9.801598808267965 -2.9415508428829273
1.0 -4.121963054029402 -4.1873697982209945
-1.0 4.4992407651443855 6.122684501059894
-1.0 -9.367512198006207 0.3931846917718591
-1.0 -6.6445497005489145 3.1640667578792385
1.0 9.180317670971291 -7.152217989676508
-1.0 -3.3259297170211237 2.0686301838258885
1.0 7.778240559554341 -0.9988632188446473
1.0 3.447674407972535 -4.27377296503354
1.0 3.597887777970964 -4.135734070921044
-1.0 -8.22146164317138 4.184789943809239
1.0 -0.4103843103371734 -2.571545252602867
-1.0 3.552940228404262 5.414479770227764
1.0 4.682785530330708 -7.833908156832015
1.0 -2.083401004005136 -8.900683720512461
-1.0 -7.766710007573443 9.431366384773362
1.0 2.878029759869081 -6.6690713035960725
-1.0 -7.382635871035415 5.723346825900615
1.0 0.1673819507770098 -2.838911526678358
1.0 -0.5159805945856597 -8.831497830466207
-1.0 -5.095895679319378 8.676724014775367
-1.0 3.4167046165562347 1.5992494000942603
-1.0 -1.322440450046571 8.593140993369573
-1.0 -8.381911230575128 2.249648820188355
-1.0 -7.679497366681574 7.318211475879615
-1.0 7.720137786632634 5.3588895999333666
-1.0 -7.04389637306342 9.022316381177763
1.0 -8.065062218081431 -4.132242626834626
-1.0 8.824990490502689 9.455868151393325
-1.0 -1.4999964042245466 6.912783564479831
1.0 4.949560977003484 -4.9117371924805315
-1.0 -5.264914137806633 9.96732843272936
1.0 2.868593015220096 -0.400855629056565
-1.0 4.015773969547205 3.2483696803117095
-1.0 -1.5240277137702485 7.834901320427608
1.0 3.5824799189836263 -3.5977017773783277
1.0 3.4231286811289046 -2.9496632634639735
1.0 7.341655728495255 -0.4974328932141212
1.0 -2.4044440290175633 -9.412509731339195
1.0 -6.320609126193575 -9.963448474420947
1.0 2.8495774472992004 -9.899375347622186
1.0 -1.2041878092020415 -7.171474063423673
-1.0 -8.503711723900722 9.018410285922105
-1.0 7.181986656024751 4.740187969413972
1.0 6.945402322728139 -7.85861440297607
-1.0 -7.400682355281452 8.509688483879184
1.0 -1.5275023566575303 -5.895207598413947
-1.0 -4.715301864779695 8.23466372249825
-1.0 -2.7510517790758193 2.8939190424295944
-1.0 4.092969985397588 2.7742925920639916
1.0 6.5746027611036055 -6.318879439131024
1.0 5.901515988646597 -7.260063899584786
-1.0 5.679052768196184 2.9607063167798913
1.0 8.840097911879788 -8.2365595235242
-1.0 -6.491879199390174 3.2899282889775243
-1.0 0.7723315420880734 3.3767347857495267
1.0 6.587977279722104 -5.098674264149214
1.0 9.943470544547417 -8.894146585656914
1.0 -6.639937118356027 -7.96628443323608
1.0 -9.17754682560343 -8.722914774370976
-1.0 -3.6941965551191895 9.03615283297302
1.0 4.904448988099965 -4.447557198958052
-1.0 2.730852362737144 4.131211165852607
-1.0 3.6034207117623662 3.3562086540457905
1.0 -4.745597405182682 -2.8190324544505945
1.0 8.352497982053446 -6.876177495968521
-1.0 3.8498807636722887 1.8811072558247979
-1.0 1.643245378677694 5.698924154559137
-1.0 -7.290888082146003 2.515594760930089
1.0 -8.02681758825049 -6.776118142160126
1.0 7.252838554384937 0.7363881041585394
-1.0 -4.4658033114313795 2.513677955465779
1.0 -0.7137559837607661 -1.21029530104372
1.0 7.962776805625712 -6.827448765038035
1.0 1.598928316530717 -7.807619275407909
1.0 0.5862636920415643 -2.392675670041342
1.0 -2.7654547546285846 -2.931106575499072
1.0 7.337610654586108 -7.389119420871015
1.0 3.2061066015141293 -4.808349662310494
1.0 -9.125584308989316 -9.666217153675198
-1.0 3.608740702883795 3.2241760767929115
1.0 9.4262751460262 -9.7684423795951
-1.0 2.8824585639810802 1.7488668601484836
-1.0 9.507786409385307 2.9697003640171893
1.0 6.403279967623636 -5.631993298646069
-1.0 3.8728145953861883 2.287991075953224
-1.0 -7.368154414906387 7.498767521803558
-1.0 -1.05109312240476 1.4702355171053156
-1.0 -1.2755852496113818 7.439963678833983
-1.0 -8.520966318783794 7.3350827247080765
-1.0 -0.18805319709850998 2.8703386976208467
1.0 0.21111146866799224 -3.4419007036542197
1.0 1.0787304540693725 -1.854786406506685
-1.0 -4.78596532308085 6.654813510781807
-1.0 1.322812561398841 5.590346076950944
1.0 -5.237755421690087 -2.901030379610779
1.0 6.856259675817267 -6.55111625606839
1.0 -2.2808787014155367 -5.180229306913288
-1.0 -4.595934850293073 0.21933163797620736
1.0 7.962789555484633 -7.283589323855695
-1.0 -8.913702288264673 5.829469996892282
1.0 6.636187087368761 -0.15226193324057036
1.0 -6.381134113947498 -4.576788532997764
-1.0 -2.1334527730707586 7.599415365849936
-1.0 7.544053312117871 2.494400202964549
1.0 -5.9122868260807255 -2.599524769215817
1.0 0.6027733381583804 -5.316409940690869
1.0 -1.7880127387707212 -7.544295825926238
-1.0 4.28624714814452 7.76088330227828
-1.0 1.6365060092830959 8.47981373885629
-1.0 -5.844378281506302 1.149921117898824
-1.0 9.432399864904617 6.5638971530604415
-1.0 -7.306202056423325 1.8051653820955789
1.0 7.053293502298828 -4.925810299617086
-1.0 3.254539924663698 2.336639576562437
-1.0 -3.487030284977209 6.877691594589685
-1.0 -9.900292608742337 3.983317598987668
1.0 -5.779690895167667 -6.791257692209887
-1.0 6.566237730189172 5.36839233040647
-1.0 -2.47709963415012 6.135161043686235
1.0 1.080280976743989 -6.073314576860334
-1.0 -7.501013095786774 7.852102774416341
1.0 -0.9633131024756558 -1.5235175835161368
-1.0 -8.349288220886365 6.926313437748245
-1.0 7.487798362066261 8.615118306018985
1.0 -3.110108547219159 -0.8670050364771136
1.0 -0.8636817948663023 -0.5503335043675239
-1.0 0.5708351920753589 3.672020301145878
1.0 2.3027673227034633 -1.3688900259919663
1.0 5.313011503372476 -5.680221101776115
1.0 -5.661140074697677 -3.257581857007155
-1.0 1.969634976531026 9.467451053566343
1.0 7.383881298268392 -8.202031699774734
-1.0 -5.66346055648832 5.016056197692187
1.0 7.411948132231881 -6.056210205237946
-1.0 -0.9410247045611531 9.743133451865482
1.0 0.19380844051183566 -2.5948525096672936
1.0 -0.31774140641640614 -5.97453479782329
1.0 -8.902377394820569 -6.690007733845185
-1.0 -5.094534170346292 9.6967642399241
-1.0 -0.4210655456824508 9.223861385542385
-1.0 -7.164326576211382 1.338792431779721
1.0 3.760848689969116 -0.9361769509990747
-1.0 5.403499464082504 7.448900712024006
1.0 5.681184880121354 -9.483895490856273
-1.0 -9.911005128616635 3.696520541937467
-1.0 3.5841751583437826 6.164064539124361
-1.0 9.720221421147233 9.875651154765816
-1.0 -5.939945075120672 9.240208451449384
-1.0 -4.654884336011396 7.179944039912598
-1.0 3.886662319010373 5.247975504317717
1.0 2.0405413897653464 -6.928508852246842
1.0 9.102966678565558 -3.343947678133814
1.0 3.010694535995679 -2.716028117839513
-1.0 -2.8547984042829615 -0.54999307316473
1.0 -6.55967856778833 -5.6046630499011485
-1.0 6.802083462452096 7.533062164557659
1.0 -7.693520375508873 -4.0752549123659465
1.0 0.2963559088327088 -6.2001378960486715
-1.0 -2.284135818918327 8.05298969094422
-1.0 1.9757030833025997 5.164114341114473
1.0 9.32299067678904 -0.16480480758824534
-1.0 -1.1031628416162498 2.903025733007773
-1.0 -0.002178259243441616 1.1690859123838457
1.0 0.012356908511661047 -0.6115274387071441
-1.0 -1.8503118791832698 -0.1983350248092428
-1.0 -7.279243745505362 7.606890358159372
1.0 -8.0223437869107 -7.698327197653104
1.0 -1.7842630166438944 -9.173115556914981
-1.0 7.405755335965779 5.194721004320311
1.0 -9.62823636768502 -3.644394647724381
1.0 2.5747747949095015 -0.6474630396951948
1.0 6.828582426727053 -0.46803912431765227
-1.0 3.5006145760617873 3.247277796789586
1.0 5.488206309648211 -8.063233768616803
-1.0 -2.1275428949672808 8.826407864577032
-1.0 4.813641515056153 1.256963619560473
-1.0 6.952305117239138 7.533164480949459
-1.0 -7.880569995811168 9.323081545048407
-1.0 9.150716314823619 3.3921662252092624
-1.0 -9.53015916018363 -0.45387453967165214
1.0 -6.908151000242744 -4.9007457995825625
1.0 1.8513465571305723 -4.6878706713692235
-1.0 -7.155798839825822 9.69917734811441
-1.0 -8.038215048143494 6.8496282015588115
1.0 3.481726827068563 -3.295718064461295
-1.0 -9.740603776866323 5.66733782760984
1.0 -8.746725104483312 -6.598124924909157
1.0 7.840709980334424 -7.133633163443727
-1.0 -0.6234096677208321 9.617480367584061
1.0 5.267024626378847 0.463311569624544
1.0 7.836393913951923 -6.654272100697671
-1.0 -7.364981933224803 3.3176178827100156
-1.0 -6.44566418555979 7.430150968395861
-1.0 -5.012196206315593 3.33862602053323
1.0 -4.088092956060487 -8.13230014317613
1.0 7.588517145100461 -2.645257248413852
-1.0 1.845663515683114 6.33330217583692
1.0 -2.3706768261096407 -4.640779606204502
-1.0 4.597407932385682 3.164345095406924
1.0 1.6244891828648846 -3.1959494540939275
1.0 0.6902510649502513 -7.685523840909796
1.0 1.0369688786149531 -0.8044888955741776
-1.0 -9.18524249873824 6.680650360195848
-1.0 -7.386284562140437 5.451942364879301
1.0 2.047659651834973 -1.2731091812421518
1.0 4.4557228650403236 -5.683651268702272
1.0 -8.811092453515787 -2.527245984252053
-1.0 4.024580504213706 1.5734637442127308
-1.0 1.9911029934333708 8.6840198669119
-1.0 0.08810402112314009 8.902946194454803
1.0 -7.331354106543346 -9.50232910573833
1.0 -2.9666170429035565 -8.092607770352592
-1.0 4.312203271151464 1.7327383771032991
1.0 -2.9736208514035134 -0.8140934753630447
1.0 5.697393730969733 0.7831407115177207
1.0 3.1729739231152116 0.2809794087758668
-1.0 5.464858586940489 9.258157990586064
1.0 -4.862838219154606 -8.091534734308752
-1.0 8.762174494778073 6.430728595379552
-1.0 7.597851534524175 9.087481403536863
-1.0 -7.823655523223739 8.073275145449625
1.0 1.4765332385216006 -9.380917109378576
-1.0 -1.8511193987865617 6.405304856089543
1.0 -1.9561624882776325 -3.180407471219409
-1.0 8.053779544284929 6.6465605382298385
1.0 6.813804008991532 -8.503493406717785
1.0 1.7319667898848206 -9.935976248477731
1.0 -0.43954495953015105 -0.13808432773356216
-1.0 -9.48592507888954 3.4206121416103503
1.0 4.84204284893732 -0.5895731473054333
-1.0 0.6266902663485681 0.3779323999446298
1.0 0.09413970173128838 -8.254412173223445
-1.0 4.365498361984244 1.674997156564121
1.0 1.6534984017274184 -0.07914248028059845
1.0 7.532025360717949 -2.200672343706662
1.0 -2.999593952157749 -1.9318070113971242
1.0 3.368969849871526 -9.613590456116361
-1.0 8.058038791725643 7.919357521497098
1.0 -4.407622785568018 -3.2720053622830907
1.0 -0.4369107850561509 -9.717921084060118
-1.0 -3.892776457531422 5.539267470368305
-1.0 -7.677264969763513 -1.3847724472497962
1.0 -3.3937812161140606 -8.470556924735057
-1.0 7.598798023460979 6.554208918359443
1.0 -2.510046617539863 -8.66012819881214
1.0 -4.0892909241043895 -8.430202087794282
1.0 -7.590223879821898 -5.941726163632708
1.0 -8.775304768720565 -7.099326633461276
-1.0 -7.776930396781154 5.787257871305783
-1.0 -0.20262448655286924 3.481942492362112
-1.0 8.263889640942278 9.63979403016015
-1.0 1.8677308115727502 2.798981215569796
1.0 1.5701928400877456 0.0538618164931588
1.0 -6.057795898784022 -9.572066558270327
-1.0 2.0721732242768613 3.463012295243537
1.0 9.593459566153243 -1.5187367654323207
-1.0 9.734509055614058 6.129121626876358
-1.0 7.4941185911602695 5.258768676548826
1.0 8.25859392335665 -5.661865082898587
-1.0 6.832560452636262 2.1115047027080998
1.0 -8.810887862113109 -7.820851640347866
-1.0 2.308670247682798 0.8580955527999929
1.0 0.13260649970207794 -2.2283132248232924
1.0 3.583187595187642 -9.950059990530267
1.0 5.283953953080056 -9.924416647423168
1.0 -2.6449031502733167 -5.03614502210572
-1.0 -0.43004321799304357 5.3123883466569115
-1.0 4.167275870572931 8.407727068223782
-1.0 9.457536012921604 4.546771063410329
1.0 -3.4085936526076877 -2.7432290880137034
1.0 7.837287005418041 -7.879093342513546
1.0 0.6189273139881557 -6.904966466089089
1.0 7.381457620808064 -1.595628427439891
-1.0 -2.1144032973413314 4.418809091263498
-1.0 -3.6113382424724394 9.716607682371205
-1.0 2.783000789355839 2.5656528829599257
1.0 -6.634045789749798 -6.701464331416387
1.0 5.561147062132672 -6.135265457486609
-1.0 1.4621466428907137 5.854439856208664
1.0 -9.79796570219013 -3.538720485032383
1.0 -0.6454549392950533 -9.545226442660102
1.0 -5.855098522835598 -8.150111109897669
-1.0 -8.695441558659132 -1.5149361692546215
1.0 -4.130381058214105 -1.6414305720439621
-1.0 -4.164083793135045 0.8456313227637615
1.0 -4.104531452665521 -3.34268938283204
1.0 -0.14748753558482264 -4.2486375397680565
-1.0 -3.0716426542921287 5.82210623899509
1.0 3.0011677102384233 -0.7496850282615668
-1.0 9.690263716081116 2.5673283718672906
1.0 5.697898849173564 -1.0255447604146273
1.0 -7.6094766844867 -4.033598662819133
-1.0 -6.525455298408723 1.6553724657496343
1.0 -6.150678680236594 -4.687247582366492
1.0 0.165902019829689 -9.417667745645442
-1.0 -7.040445803096745 -0.26994743988243464
1.0 -7.054218785927217 -9.55043194163245
1.0 -9.526002990547703 -5.277219837819656
1.0 -6.666301814279301 -6.065752189758953
-1.0 -6.96950385817318 3.0651858595567028
1.0 -9.967820953182684 -3.133929780912843
-1.0 -6.121311608196136 5.258755020310179
1.0 -8.182051466698574 -3.006012539633671
1.0 -0.052469386157831366 -1.7546937155075675
1.0 -8.301450364237938 -4.874920435042038
1.0 0.6936979355733683 0.14488932985836378
1.0 7.159219553422801 -3.19486496201878
1.0 0.59670576913099 -6.505321871993366
-1.0 5.563140724438515 7.730021805823991
-1.0 4.217365841113166 9.797087148562824
-1.0 -1.368551987431502 6.721472635306441
1.0 -9.58799999927275 -5.857630642152236
-1.0 -4.582324635557251 6.37042839931474
1.0 0.5955899158671656 -9.747012663053775
1.0 -0.6954151594697819 -6.65437461594959
1.0 -5.127164528715968 -6.495924740346082
1.0 1.2896260814235951 -2.1153675453947436
1.0 -0.5931289689474575 -7.693649612964066
1.0 -0.8114682820946726 -4.870911998393135
1.0 -1.4288231804450309 -3.3051499946952383
-1.0 0.37485248135176263 9.735405114283616
1.0 -3.7690075891436603 -2.951083594445139
1.0 4.286508957234021 -0.41324684588300187
-1.0 1.9263324188791469 5.575872549206917
1.0 -9.831277400288378 -5.5483452620625595
-1.0 9.779474756604742 8.522862032745156
-1.0 -4.614035264130598 1.0790626561562338
-1.0 -9.374413332676575 -1.9616272662231644
1.0 0.12384731146000583 -2.510682455935207
-1.0 -8.83408260561642 -0.813026874366658
-1.0 -4.5848376627533005 6.114916906426352
1.0 7.868785605154294 -0.17216210255033992
1.0 3.1625500415446623 -2.0354404992762554
-1.0 -2.105640747070807 8.899666202305369
1.0 -0.8064327694376239 -1.871545212471986
1.0 4.4950059784209095 -7.8883748785799845
1.0 3.3721997527222225 -3.287577557137322
-1.0 -9.856213897466056 3.1219806914065202
1.0 4.404153509193964 -1.317158931677886
-1.0 7.0694254249614765 2.9931159487321963
1.0 1.2115272152941454 -8.875971008660812
-1.0 -8.073101658735652 1.0436649996566576
-1.0 7.615764183858371 7.054176368175593
1.0 9.00852583876556 -3.8244825967348284
-1.0 2.556055068697896 1.2154811887205934
-1.0 4.70127753115338 9.335485147118309
-1.0 -5.816358576427534 5.148662400263465
1.0 -5.178250473844526 -5.02154387399216
1.0 2.9107636167227895 -3.618427357719609
-1.0 6.011066417699855 2.2308785359732504
-1.0 -4.1437418888301885 -0.29385782741737465
-1.0 -7.45226142940842 4.9104743735532175
1.0 3.1181167568116397 -2.712561192517624
1.0 -9.262705176116455 -6.359922420768491
-1.0 -5.083429170249143 -1.2568579476036756
-1.0 -5.536725215609549 3.000563222312806
1.0 -2.110423905306231 -7.648727496064223
1.0 -2.465030122680833 -8.000170519581228
-1.0 -1.3141748002143334 4.18854297235708
-1.0 -8.856945908572158 7.09185111111141
1.0 3.4887254096362987 -6.728769361782351
1.0 8.035061918676728 -6.438161470206094
-1.0 -6.781968551927728 7.665001574550846
-1.0 8.948413166150232 3.3005772542107863
-1.0 -4.105869309661299 -0.9503489700928132
1.0 -8.610495002973881 -5.176950093426496
-1.0 -9.986759914811516 1.3692481236753622
1.0 6.0231369575604745 -5.156527323217657
-1.0 -4.229936579812874 2.967713808890103
-1.0 -8.262657146801374 9.800910442423522
1.0 4.57774317223242 1.0043872010018973
1.0 6.874471331000631 0.43667408354057
-1.0 1.5732089046264228 1.9636634490571065
-1.0 1.17013974385811 2.8567174380795315
-1.0 -9.340677738195502 2.7173266692288642
1.0 0.6174681152930148 -4.530701770059482
1.0 -2.8765149158077907 -7.132277520812471
1.0 5.774786262316425 -7.229805584377327
-1.0 -1.0143307609157777 0.9944548104003399
1.0 -7.039221109552929 -5.845205294917841
-1.0 4.967099437413776 4.946816959455687
-1.0 -2.668179150109637 8.768411305772151
-1.0 -5.665890060360397 -0.5313012734097189
1.0 7.012036575410516 -4.136787902706183
-1.0 1.8599674799791721 3.2122464034787477
-1.0 8.24739521668375 4.21217111440926
1.0 9.76074738209099 -8.40891862767203
-1.0 -7.019063170264452 3.837495004502699
-1.0 -2.3003853470795548 1.9434124228907983
-1.0 -7.702993697257121 -1.357001401901229
1.0 1.8171570254645424 -6.88009133066219
-1.0 -8.141848972930388 9.496938366702881
1.0 4.233693003825822 -7.119259884533564
-1.0 -1.2408783426355292 3.893845393230462
1.0 -4.4172465774454555 -6.619295480396161
1.0 3.148195480328539 0.5309271624531462
1.0 4.873231920639352 -2.459085926629239
1.0 -7.483177493367967 -5.033358086859749
1.0 -6.659042450114036 -2.7499737895866865
1.0 -8.2656216053397 -4.01391875880746
1.0 1.9387514908341963 -1.892449037381489
1.0 -2.2944126363537176 -8.620179558388338
1.0 5.727285824724104 -5.183718545343119
1.0 -6.0460452585131375 -3.450061451287505
-1.0 2.667361470810409 6.350441428166921
1.0 7.4853462629784175 -0.31106667038219626
1.0 9.177491132804118 0.6706689802151633
-1.0 7.961607996534951 3.2342898120507595
1.0 -9.69102958501016 -4.973524025843961
1.0 7.514925940614436 -7.116507935190917
-1.0 -1.4961250599237363 9.781377173742808
-1.0 -1.540610021775457 2.661301964459554
-1.0 -8.360264450948803 1.2153892128488515
-1.0 5.7070126136522425 7.363152759734561
1.0 8.427898278942216 1.904152708901801
-1.0 -9.128761227592888 2.1555474000267694
1.0 -2.779132047000039 -3.9565579508319315
-1.0 5.841756704333285 3.1963706990583383
1.0 2.8972191759402577 -8.517622908377884
-1.0 -4.959796851398126 2.845066354824503
-1.0 -4.26907144410068 0.2481685947897727
1.0 7.617146609705269 -1.6353473789972846
-1.0 -3.9847241823072572 4.98976588366223
-1.0 3.526494794826551 3.974588295848971
1.0 8.699733233247152 -9.96268829997246
1.0 0.7142745203931806 -7.304472265848203
1.0 -6.588454146705695 -7.331176976382134
1.0 -5.415501584701399 -3.365964408687492
-1.0 -3.028004792743772 2.695075834618139
-1.0 5.455620048670669 2.1873659958356484
-1.0 7.880602471058694 6.618169626011447
1.0 -5.103138832884904 -9.894563315343795
1.0 -4.771171147524478 -3.611186095926544
-1.0 -2.3655254797025815 9.429166590379651
-1.0 8.118095710651762 2.1818756542971744
1.0 2.143784178618173 -0.9686295932838203
-1.0 -4.104760916303707 3.629285822418101
-1.0 0.09363511758163234 0.8184405140792013
-1.0 4.38178367184204 4.593919957890218
-1.0 -7.514350006481962 4.608071181609443
-1.0 8.761721769685316 2.8375996165244484
-1.0 8.63149217516807 6.28031840082302
-1.0 -0.09426581671906753 7.8309000655092476
-1.0 3.0370981036560156 8.006315419667821
1.0 7.64810307497924 -2.5280287562631614
-1.0 4.813630322348889 2.19099721342403
1.0 1.8958274039968455 -2.3738799438386256
1.0 4.410687331862791 -0.7767836802115262
1.0 0.4377367657831339 -2.8325773103181717
-1.0 -6.731922944801005 3.2086648321965114
1.0 -9.06531516160144 -4.401820460813557
-1.0 3.4082573768059774 9.568052589935984
1.0 3.8101881272652527 0.3415433520852673
1.0 6.042313322857002 -6.284985473289321
-1.0 -7.375859812700758 6.447191915678214
-1.0 0.9381266421544172 0.9852563710135005
-1.0 9.00053410811553 2.7194445592943772
1.0 1.6001840325902954 -5.429516575119697
1.0 0.2933919698827925 -4.82824847456778
1.0 -4.763762679151182 -9.582320534661388
1.0 9.913391799370906 1.2310222455475497
-1.0 -8.963182455464352 5.8863363530460315
-1.0 2.600949911856924 6.259779192842355
1.0 5.469388284073236 -7.586724179071482
-1.0 9.919816039245916 7.733666423375183
1.0 9.08969578604416 -8.483281418614467
-1.0 -5.141494353016977 1.8063695011863334
-1.0 -4.201331317132048 8.178308793005655
1.0 8.665177505913547 -7.986471250116029
1.0 -7.4760146023735015 -4.026193254071366
-1.0 -2.0951458186464222 0.5117670735478512
1.0 4.98122223215381 -5.719776034851014
1.0 -4.783845509617411 -1.4815163019359119
-1.0 -6.529733674979184 9.46917835226467
-1.0 -6.642010335938496 4.512590272432382
-1.0 -8.411532844950875 9.20329947876921
-1.0 -1.1250364305035365 6.275903123533599
-1.0 0.29277497490181403 1.7845286851854034
-1.0 9.0734946120631 5.999436301847021
1.0 9.918896839866022 0.9602067557176603
-1.0 -6.011054467112502 6.448367965942179
1.0 3.56629045113789 -9.325143725591229
1.0 -6.362640009041083 -9.426014621156773
-1.0 -3.31641723959973 3.962606526717355
1.0 0.08364355582902228 -3.0195516506574354
1.0 9.739791270916118 -4.492753514315087
1.0 3.7213509781575276 -0.7012657669974427
1.0 -6.457488284552779 -1.6461005096306813
1.0 3.6474886307148218 -1.2103296926777602
1.0 -9.935000694275363 -8.161624867512234
1.0 -6.870956259794118 -3.607521163961536
1.0 -4.430125085155632 -9.992738865217401
-1.0 -7.10377656234469 2.954798162029544
-1.0 -2.6320540538956383 7.6338564621872536
1.0 -2.6393321307043305 -5.475323827040601
1.0 0.7264372426828807 -5.607912651849933
-1.0 1.8451887566283975 3.354554806200248
-1.0 8.241679172310576 6.8325626273118125
1.0 -7.475135835489923 -5.3381925098363485
1.0 0.4171145067898294 -7.488029931482765
1.0 5.01759153173384 -5.790090337623139
1.0 -6.761762559911979 -9.040960557168896
-1.0 -7.574499699564196 2.418868510574505
1.0 -3.788122978654556 -7.882668165759677
1.0 9.11688956783664 -3.0169477529100703
1.0 2.6380166632922286 -5.512856993128787
-1.0 -7.348348464492654 7.869110094267356
1.0 -7.1918892409957635 -7.6041545110734265
-1.0 -7.008591159095481 6.086182753321367
1.0 0.3746575436651707 -5.341979951358729
-1.0 -4.501112338396096 0.7651588580109099
1.0 2.3125572506049004 -4.656240591308814
-1.0 -7.780675919011735 7.85324130430935
-1.0 3.693569247696825 1.4555617963902439
1.0 -5.450021437327717 -1.875362791139377
1.0 -0.07903966040597332 -7.978742365232268
1.0 9.64212501664925 -7.77229792339162
-1.0 -8.877773335341297 -1.557549496117561
-1.0 2.743151090234319 6.133410964121918
1.0 -3.926460371856 -3.1050227835426725
-1.0 -1.825305381553795 1.6195549885453797
1.0 6.330357692775756 -9.84006993266172
-1.0 -7.243980094646554 3.319589526251061
-1.0 -4.835576360526684 8.470810508325712
-1.0 7.220121879297178 6.384604877275702
1.0 -9.541851600108826 -3.205580873729181
1.0 3.53331620323374 -3.0485972383023334
-1.0 -4.1168405958941445 -0.5798869124941639
1.0 9.017377704502898 1.3792092214521539
-1.0 0.49058891308978225 1.8140970370832417
-1.0 -8.213460496776461 9.612079403245108
-1.0 -6.733571932689754 4.402446674142752
-1.0 6.249977194305561 3.043577031141975
-1.0 -3.743908093051873 3.2785845401249247
1.0 -7.706338960243069 -2.09514783206592
1.0 7.538090527024867 -1.2120203420106037
1.0 7.2437522724092815 -8.533238266077792
-1.0 3.6274980512150066 4.524845485757771
1.0 -4.1730018744476975 -9.758783056676979
-1.0 9.815690166312198 6.482672080992696
-1.0 0.08185988048717441 6.886466953498076
-1.0 6.503601628695087 4.932433973327781
1.0 -1.462610934317425 -4.334434577282256
-1.0 -0.23846792971187902 0.05936603975081667
1.0 1.9651543114613013 -4.923210483887058
1.0 5.149319177801228 -3.528786880418018
-1.0 1.6227911230801446 0.6693228634607387
-1.0 -4.743529887093412 1.3979117849480325
1.0 5.146043090127559 1.0770312470815
1.0 3.4726261749095233 -3.26533212672528
1.0 5.109427388800853 -4.0522886080061955
1.0 -0.825477057326971 -3.9625487732938547
1.0 5.763955718969795 -4.285303408854264
1.0 -7.18361881628444 -5.8380605663920715
1.0 4.573607888830637 0.052265016354777316
-1.0 -6.663554366693059 -0.5560151983777857
-1.0 6.910548125002357 4.375804191718293
-1.0 4.843177238875517 6.151707116516473
1.0 4.6323485455850175 -8.107777418725055
1.0 -5.279619438375587 -1.603654354394422
1.0 -7.747231599805016 -7.524356977230577
1.0 -8.908674861018957 -4.22896356524193
-1.0 8.030916157105683 9.037921399270786
1.0 -5.992286466397028 -4.306291928634646
-1.0 -8.45809019943683 7.083087052319023
1.0 -8.219887560535014 -2.237671376449568
1.0 4.155419286814041 -6.220681760068521
1.0 1.5422624461898327 -8.612245258303851
1.0 4.336773169210783 -0.8483975414429334
-1.0 1.4424507181024389 9.551485162308715
1.0 5.798575163976945 -6.107235565890643
-1.0 -9.219083689822767 -1.257375976016446
1.0 -6.730931228278396 -4.1899304268074715
-1.0 3.963041343647424 7.960422673237542
1.0 8.00677353082574 -9.930846122400716
1.0 -5.686141968817926 -1.8742298872841907
1.0 3.179175089826632 -2.833457900839999
1.0 -5.399814715720086 -2.67294333528612
-1.0 7.8365670894490265 6.956575608397376
1.0 -7.467508394725861 -2.967147809983228
1.0 7.4503882870340625 -2.9219278152165735
-1.0 -8.430641903304748 -0.26412107960943665
-1.0 8.848708441319008 9.770594957531404
-1.0 0.023198632628247395 9.449784167905364
1.0 7.86978033918367 -7.660273267253201
-1.0 4.766679357800886 3.0622593699205716
1.0 -0.8321387645792004 -6.57471861250335
1.0 -0.23494997884895952 -7.244932608227406
-1.0 -0.656205671793952 9.745913542193211
-1.0 -5.789601277066197 7.533591430778962
1.0 -3.0638896647721765 -3.8618809117698927
-1.0 0.20959852851576954 5.365530249189261
-1.0 -4.203297806382544 5.477152050033659
1.0 -4.221474958657021 -3.4895914721612797
1.0 1.9883970813649476 -5.538085280633496
1.0 -4.679125114687983 -6.67139772105825
1.0 -1.4199553516544157 -3.7345958594568422
-1.0 -3.1792770519756663 2.190596293607088
-1.0 -2.421999861134325 1.696836431558097
-1.0 -7.3462837230125055 -0.9357534246025381
-1.0 -6.278810866758533 6.791097852174605
1.0 9.22260172352484 1.9398247285115229
1.0 -9.019804990589144 -3.364298315154473
1.0 -0.45145171183886035 -9.540325642193018
-1.0 9.339117619257422 2.7649643680511566
-1.0 -7.499477520068996 5.951327953385746
1.0 6.802206886002374 -5.404356920521467
1.0 2.5207459577408358 -6.4800313711116235
-1.0 9.555579982634587 4.147811731335963
-1.0 4.505046527507368 1.9381527043011193
1.0 -8.172407834366595 -2.3107244713733426
1.0 -0.07729735198286747 -3.2222602507805593
1.0 6.229730871556079 -2.038631960096133
-1.0 2.3111526193280163 7.5610039469519315
-1.0 -4.77683446741707 6.288492647274232
-1.0 -7.043272839240071 0.6649417889342182
1.0 -5.155618531727417 -4.856689144008664
-1.0 0.8733463754015709 6.29481010184432
-1.0 -7.06339758553357 -1.3659889326201657
1.0 5.116896164361718 -9.950030944017378
1.0 5.871982724051875 0.8996106678660709
-1.0 2.0237882425281484 7.4371340223232
1.0 -9.887159868830238 -9.456203932975916
1.0 5.137986686391116 -6.856836400399693
1.0 7.948474004156488 -6.992684280983026
1.0 -8.608438943785444 -4.0384434619763
1.0 0.35740172734530873 -7.826513223408787
1.0 -6.470385605504189 -5.026148252856782
-1.0 4.183117445491336 7.520901124522755
-1.0 5.821208776292677 2.9191528943286222
-1.0 5.674771322026977 3.781947942208909
1.0 -2.2262998151556186 -1.3579540136364248
1.0 7.932439894184959 -3.6646950292601304
1.0 -1.1313347726069107 -7.908808268360952
1.0 5.909938856567113 -2.5449255928926906
1.0 6.263394824359736 -7.452078242380185
-1.0 9.36641777591895 6.058781917560296
-1.0 -3.047297819255304 3.596180064283402
1.0 -8.478750816072022 -3.2590266460292883
-1.0 -3.938419261333495 6.802208299317918
1.0 9.155016782491295 -7.351305235794349
1.0 3.7400193337427527 0.1543763032799781
1.0 -1.487329748713016 -8.850352362277786
-1.0 -5.442920053052935 7.020611008692029
1.0 0.6032218764397292 -8.736628929458947
-1.0 -4.657899393627181 6.712902680393611
-1.0 9.353612189744503 7.470304804780078
1.0 0.09669304708143578 -1.2946090988348242
-1.0 6.562677692849579 5.783146635979811
-1.0 -6.098034877614076 -0.8654234154958935
-1.0 8.714420556755307 4.859421237702005
-1.0 -8.328808453256864 0.41722801812945143
-1.0 2.448064558370902 7.45373022953126
-1.0 -7.851065536908166 2.6535851641813686
-1.0 7.84566764745707 5.6526793157337245
-1.0 2.733391871093371 8.940494217374962
1.0 1.6863360180222582 -2.8950027830402885
-1.0 6.499543220561193 5.801137459634395
1.0 -3.5706317502392277 -1.146089244531705
-1.0 -0.7735674023124606 4.645057874670076
1.0 4.926943238817621 -9.601641153429338
-1.0 1.282716673277628 0.5042030697330606
1.0 5.730242418271976 -1.7458364249023557
1.0 6.900384590340938 -9.752253622242852
1.0 -0.6588282662411977 -9.444187395581999
-1.0 -8.332659624143602 4.060478918838857
-1.0 -8.124844930825112 2.1340224191957997